tree
version=v3
num_class=1
num_tree_per_iteration=1
label_index=0
max_feature_idx=27
objective=binary sigmoid:1
feature_names=Column_0 Column_1 Column_2 Column_3 Column_4 Column_5 Column_6 Column_7 Column_8 Column_9 Column_10 Column_11 Column_12 Column_13 Column_14 Column_15 Column_16 Column_17 Column_18 Column_19 Column_20 Column_21 Column_22 Column_23 Column_24 Column_25 Column_26 Column_27
feature_infos=[0.27500000000000002:6.6950000000000003] [-2.4169999999999998:2.4300000000000002] [-1.7430000000000001:1.7430000000000001] [0.019:5.7000000000000002] [-1.7430000000000001:1.7430000000000001] [0.159:4.1900000000000004] [-2.9409999999999998:2.9700000000000002] [-1.7410000000000001:1.7410000000000001] [0:2.173] [0.19:5.1929999999999996] [-2.9039999999999999:2.9089999999999998] [-1.742:1.7430000000000001] [0:2.2149999999999999] [0.26400000000000001:6.5229999999999997] [-2.7280000000000002:2.7269999999999999] [-1.742:1.742] [0:2.548] [0.36499999999999999:6.0679999999999996] [-2.4950000000000001:2.496] [-1.74:1.7430000000000001] [0:3.1019999999999999] [0.17199999999999999:13.098000000000001] [0.41899999999999998:7.3920000000000003] [0.46100000000000002:3.6819999999999999] [0.38400000000000001:6.5830000000000002] [0.092999999999999999:7.8600000000000003] [0.38900000000000001:4.5430000000000001] [0.48899999999999999:4.3159999999999998]
tree_sizes=10307 10408 10375 9071 10441

Tree=0
num_leaves=99
num_cat=0
split_feature=25 25 26 27 25 26 5 22 9 25 22 24 27 5 27 13 3 27 26 27 3 24 17 27 24 24 21 0 24 21 5 0 24 27 21 0 21 22 5 25 17 21 9 21 25 5 0 21 21 0 13 9 24 24 15 26 9 15 9 11 0 5 25 10 8 4 26 4 14 4 11 17 22 25 9 18 13 4 25 22 15 15 24 16 9 15 4 25 5 25 6 22 1 4 15 4 1 1
split_gain=334.902 229.23 139.801 128.865 66.0994 49.3064 49.0653 45.6602 36.6224 33.3104 31.3355 67.0558 30.2251 31.8598 25.1606 23.2426 17.7291 17.7093 25.77 16.0899 16.0825 16.0339 23.5613 15.3239 15.0252 13.5114 13.4344 13.14 13.0947 13.5137 12.8079 12.1412 11.8908 19.0968 15.541 11.8458 11.2174 11.0355 10.8782 12.8146 10.7639 10.3523 10.2552 10.9821 9.98631 9.90361 9.39391 9.27108 9.25697 9.12117 8.7795 8.71968 10.0777 8.35145 8.33945 7.99054 7.95244 7.94298 7.85154 7.5694 7.33186 8.0433 7.31225 7.30098 7.11515 7.15954 6.99149 7.28344 6.66198 6.5912 6.35191 6.32141 6.26177 6.16279 6.49997 6.13013 5.44727 6.67514 5.4304 5.37806 5.2599 5.25361 5.19048 5.13995 5.13772 5.07558 4.48066 4.16297 4.12558 3.93407 3.18655 2.9768 2.42732 2.39136 2.32296 1.60829 0.786838 0.595129
threshold=1.0655000000000003 0.66150000000000009 0.77650000000000008 0.90450000000000019 1.5645000000000002 0.86650000000000016 0.8155 1.0265000000000002 1.1375000000000002 0.94550000000000012 1.0495000000000003 1.0195000000000001 1.0315000000000001 0.89950000000000008 0.79950000000000021 1.2955000000000003 1.8395000000000004 0.85550000000000004 0.73250000000000004 0.83950000000000002 1.6815000000000002 1.2455000000000003 1.4655000000000002 0.85150000000000003 0.75150000000000017 1.3035000000000003 1.0245000000000002 1.1205000000000003 0.73450000000000004 0.85150000000000003 1.0915000000000001 0.89850000000000019 1.2695000000000001 0.91850000000000021 0.74350000000000016 0.70350000000000013 1.268 0.99350000000000016 0.88050000000000017 0.98450000000000004 0.60650000000000015 0.94850000000000001 1.2585000000000002 1.4685000000000004 2.028 1.0855000000000004 1.0335000000000003 1.0405000000000002 0.88550000000000006 1.2475000000000003 0.89750000000000008 0.9125000000000002 0.99850000000000005 1.1665000000000003 0.20750000000000002 0.8025000000000001 0.76450000000000007 0.60650000000000015 0.9195000000000001 -0.54749999999999999 1.2095000000000002 1.3155000000000003 1.2235000000000003 -0.30549999999999994 1.6300000000000001 -0.11549999999999999 1.0385000000000002 -0.52249999999999985 -0.24049999999999996 -0.12749999999999997 0.0075000000000000006 0.74950000000000017 1.0355000000000001 0.79550000000000021 0.74050000000000005 -0.27349999999999997 1.1575000000000002 0.32150000000000006 0.76550000000000018 0.94650000000000001 0.18550000000000003 -0.18399999999999997 0.84250000000000014 1.9110000000000003 0.65750000000000008 -0.74649999999999983 0.03450000000000001 1.8485000000000003 0.71650000000000003 0.95950000000000013 0.61050000000000015 1.0025000000000002 0.27050000000000007 0.57250000000000012 0.047500000000000007 -0.32649999999999996 1.0370000000000001 -0.94249999999999978
decision_type=2 2 2 2 2 2 2 2 2 2 2 2 2 2 2 2 2 2 2 2 2 2 2 2 2 2 2 2 2 2 2 2 2 2 2 2 2 2 2 2 2 2 2 2 2 2 2 2 2 2 2 2 2 2 2 2 2 2 2 2 2 2 2 2 2 2 2 2 2 2 2 2 2 2 2 2 2 2 2 2 2 2 2 2 2 2 2 2 2 2 2 2 2 2 2 2 2 2
left_child=1 8 6 5 7 9 37 12 15 14 11 27 13 51 75 17 21 18 28 68 30 23 87 -6 -20 93 58 63 29 40 71 56 33 34 -15 -31 53 46 39 47 -1 -36 43 76 60 66 83 78 -17 92 -22 62 -53 64 -8 -33 -26 -21 -12 -44 61 72 80 -5 65 -19 -28 -68 -10 -16 -47 -13 -25 74 -40 84 77 -9 -7 -73 -2 -60 -11 -3 -4 -77 -32 -23 -37 96 -87 -80 -30 -14 -91 -46 97 -75
right_child=4 2 3 10 16 38 54 42 19 82 26 20 25 32 69 48 -18 36 24 57 50 22 -24 44 31 -27 45 -29 49 35 86 55 -34 -35 41 88 -38 -39 73 -41 -42 -43 59 -45 95 70 -48 -49 -50 -51 -52 52 -54 -55 -56 -57 -58 -59 81 -61 -62 -63 -64 -65 -66 -67 67 -69 -70 -71 -72 79 -74 89 -76 85 -78 -79 91 -81 -82 -83 -84 -85 -86 90 -88 -89 -90 94 -92 -93 -94 -95 -96 -97 -98 -99
leaf_value=-0.19195705992662582 0.035406170902908776 0.020155465160642191 0.3813631857145155 -0.10195911438993502 0.058652603798620806 0.30423912637763356 0.31501361552266194 0.087651941804887834 0.38185077441575577 0.13092787698347094 0.232648631836223 0.10388818265552419 -0.27102408090420432 0.33045704996386921 0.027103873440154483 0.052475230022137886 -0.3027237621256299 -0.088574804540888757 0.26957086590255769 0.15964330538687943 0.18214180221718024 0.010332976716470502 0.24335607971546006 -0.18800110627666144 -0.11450690487341597 -0.026672371489049523 0.25790204664574434 -0.18672641010056179 -0.20762471846135339 -0.026672371489049523 0.45215131336058262 0.035406170902908762 0.26610940645883885 -0.11534342423898142 -0.031267337018211494 0.11424896778696707 0.081839506776546111 0.082744361526904175 0.46821248517943831 0.18166078479223702 0.051166464391527097 0.19918785721360721 0.11486670516461536 0.22942349693283837 -0.19250003395701315 0.36443260573452524 -0.2088597709764739 0.21123373607774887 0.26812511577345421 0.033100739541350552 -0.050783812025934433 -0.062729240694454486 0.16305022062118213 0.0048305918524557956 0.12969240222817435 0.22676541871576308 0.098805533345759769 -0.035037565144703464 0.473112503700445 0.31137986624237785 -0.236899287458189 0.049494918112431202 -0.21349502979865442 0.093451809406141242 -0.0092985077426913088 -0.25709543309479022 0.21123373607774887 0.021916944851238337 0.20554116885081272 0.22729490789660448 0.19800688869751487 0.30913040240220202 -0.020948817935181024 0.44852459714342174 0.28488008490567207 0.28522984910033355 0.13615709571519136 -0.095036195502497312 0.39032680266060432 0.14513583666938165 -0.13913775285950819 0.3060464600406706 -0.050783812025934433 -0.12175281205401767 0.22712932880568842 0.46821248517943831 0.28412674664024729 -0.12520554728564712 0.27547842335317124 0.43856109105232022 0.34590048440507648 0.47113269823741205 -0.093928528480507256 -0.15817321575592963 0.32366193880973804 -0.28313696722458659 0.43227901602538854 0.4930009604067131
leaf_weight=14.444774180650713 14.195726349949839 24.15763957798481 13.448582857847212 12.950487196445467 14.942869842052458 21.418113440275192 19.425730794668198 17.931443810462952 15.191917672753332 12.452391535043718 23.161448255181313 19.674778625369072 18.927635133266453 12.950487196445463 13.946678519248964 12.950487196445463 17.184300318360329 18.678587302565575 21.667161270976067 24.655735239386559 13.199535027146341 14.693822011351584 12.452391535043715 24.406687408685684 15.939061164855959 23.908591747283936 13.199535027146338 22.41430476307869 18.927635133266453 15.939061164855955 12.452391535043718 14.195726349949835 17.931443810462952 14.942869842052458 17.682395979762081 12.950487196445467 17.682395979762077 18.678587302565575 12.452391535043715 15.690013334155081 14.693822011351584 13.946678519248961 12.452391535043715 20.670969948172569 12.701439365744589 16.188108995556831 19.176682963967323 12.452391535043715 20.670969948172569 13.697630688548086 12.701439365744589 21.667161270976067 12.452391535043715 23.410496085882187 19.425730794668198 22.663352593779564 12.452391535043715 12.701439365744589 14.693822011351587 21.169065609574318 15.191917672753332 14.195726349949835 17.931443810462952 18.678587302565575 12.950487196445463 21.916209101676941 12.452391535043715 23.410496085882187 19.674778625369072 12.452391535043715 21.169065609574318 20.920017778873444 14.195726349949835 15.440965503454207 20.421922117471695 13.946678519248961 21.418113440275192 14.444774180650709 54.541474923491478 12.950487196445463 13.448582857847212 15.440965503454207 12.701439365744589 17.682395979762077 24.15763957798481 24.904783070087433 12.950487196445463 23.659543916583061 12.452391535043715 16.188108995556835 12.950487196445463 27.395261377096176 12.452391535043715 12.452391535043715 12.452391535043715 20.421922117471695 14.693822011351584 54.541474923491478
leaf_count=58 57 97 54 52 60 86 78 72 61 50 93 79 76 52 56 52 69 75 87 99 53 59 50 98 64 96 53 90 76 64 50 57 72 60 71 52 71 75 50 63 59 56 50 83 51 65 77 50 83 55 51 87 50 94 78 91 50 51 59 85 61 57 72 75 52 88 50 94 79 50 85 84 57 62 82 56 86 58 219 52 54 62 51 71 97 100 52 95 50 65 52 110 50 50 50 82 59 219
internal_value=0.123586 0.179531 0.239269 0.272523 -0.0137654 0.344118 0.03807 0.0410876 0.055625 0.247783 0.172146 0.111393 -0.0127565 0.03199 0.293094 0.0274494 -0.109294 0.0096142 0.0429964 0.18465 0.204672 -0.0893739 0.00432805 -0.130394 0.125267 -0.139942 0.241237 -0.0695777 -0.0188841 0.0349581 0.249537 0.0773498 0.123336 0.0803251 0.145912 0.108481 -0.0618062 -0.051768 0.39302 0.351282 -0.0693563 0.0703507 0.146915 0.10552 -0.158331 0.192534 -0.0929452 0.374263 0.18506 -0.103068 0.0679187 -0.0567871 0.019672 -0.0948122 0.222353 0.153066 -0.0209488 0.0934518 0.32021 0.238597 -0.114461 -0.079231 -0.114027 0.013441 -0.138377 -0.179555 0.133455 0.0876519 0.282362 0.121534 0.270125 0.194052 -0.126569 0.430563 0.354324 0.34375 0.057909 0.00614493 0.393905 0.246427 -0.0495071 0.387508 0.0391725 -0.0398177 0.282286 0.38837 0.366492 -0.0732785 0.193283 0.452681 0.426369 0.417344 -0.162507 -0.226242 0.388605 -0.248381 0.474354 0.483188
internal_weight=0 1238.76 835.805 717.258 504.571 418.649 118.547 320.525 402.959 140.961 298.608 158.893 212.438 157.149 115.807 330.736 184.046 297.114 202.476 72.2239 104.849 166.862 50.8058 116.056 86.9177 55.2886 139.716 54.0434 115.558 70.4805 78.9482 65.2505 77.4539 59.5224 44.5796 41.3419 94.6382 79.6953 277.688 131.497 29.1386 31.6291 108.087 74.4653 101.113 86.4196 61.0167 115.807 33.6215 45.0777 25.901 79.6953 34.1196 76.9558 38.8515 36.8591 28.3915 37.3572 53.2962 33.6215 67.9901 52.7981 45.5758 31.6291 53.5453 40.5948 49.0624 35.8629 34.8667 26.3991 37.3572 53.5453 38.6024 146.191 32.8743 89.4082 53.7943 32.3762 103.355 33.8705 27.6443 30.1348 25.1538 41.84 37.6062 51.8019 25.4029 38.3534 25.4029 113.317 37.8553 81.9367 31.38 31.38 28.6405 33.1234 84.6763 69.9824
internal_count=7000 4974 3356 2880 2026 1681 476 1287 1618 566 1199 638 853 631 465 1328 739 1193 813 290 421 670 204 466 349 222 561 217 464 283 317 262 311 239 179 166 380 320 1115 528 117 127 434 299 406 347 245 465 135 181 104 320 137 309 156 148 114 150 214 135 273 212 183 127 215 163 197 144 140 106 150 215 155 587 132 359 216 130 415 136 111 121 101 168 151 208 102 154 102 455 152 329 126 126 115 133 340 281
shrinkage=1


Tree=1
num_leaves=99
num_cat=0
split_feature=25 26 27 5 22 24 25 5 25 27 24 24 26 27 25 3 25 25 25 25 25 26 27 25 26 0 22 22 3 9 4 22 23 5 9 21 11 19 24 25 25 5 6 17 25 24 16 22 5 3 21 26 19 26 9 11 19 19 21 27 23 27 26 9 0 3 21 22 13 2 3 14 24 3 4 0 27 10 22 4 5 18 19 18 26 27 13 1 6 14 15 14 9 21 10 4 26 26
split_gain=220.929 123.09 146.183 52.1372 46.3899 70.5151 34.2903 32.8472 28.4525 23.1844 28.905 19.153 16.0219 20.6437 16.0841 15.467 14.6947 15.4011 14.2249 13.4367 13.3925 12.7334 14.8115 15.5687 12.4858 11.4031 11.3861 12.2295 11.3645 14.3959 11.8405 10.7647 10.5775 10.5521 10.4058 10.4988 9.96399 9.26872 9.50226 9.24256 10.7218 9.1531 8.76973 8.76041 10.8344 8.68319 8.79998 8.34308 8.28783 10.9637 8.28615 8.28579 7.73023 7.58569 7.51643 7.41287 8.77646 7.33014 7.31596 7.03063 6.9583 6.93957 9.25381 8.90032 6.67697 6.54529 6.54219 6.49481 6.2984 6.02004 6.26511 5.86088 5.83483 5.41545 8.14202 5.5736 5.3583 4.50119 4.10265 3.99984 3.95106 3.79564 3.41319 3.29564 3.09669 7.78456 2.94358 2.91348 5.98374 2.26418 2.06409 1.96285 1.87159 1.71907 1.20061 0.801732 0.471121 0.0728314
threshold=1.2835000000000003 0.80950000000000022 0.90350000000000008 0.88050000000000017 1.0495000000000003 1.0765000000000002 1.0915000000000001 1.3395000000000004 0.51850000000000007 0.89650000000000019 1.2455000000000003 0.72250000000000003 0.86950000000000005 0.7965000000000001 0.77550000000000019 1.8255000000000001 0.68950000000000011 1.0035000000000001 0.47250000000000003 0.62450000000000017 0.98850000000000005 0.72850000000000004 0.83950000000000002 0.94650000000000001 0.9215000000000001 1.7010000000000003 1.0875000000000001 0.72450000000000003 1.7660000000000002 1.1005000000000003 1.2925000000000002 0.94650000000000001 1.0255000000000003 0.81050000000000011 0.76650000000000007 1.7850000000000001 -0.30949999999999994 -0.54649999999999987 0.86750000000000005 0.6755000000000001 0.98450000000000004 1.1975000000000002 -0.54649999999999987 1.5085000000000002 1.7635000000000003 0.80550000000000022 1.0000000180025095e-35 1.1945000000000003 0.74850000000000005 0.77550000000000019 1.0065000000000002 0.77250000000000008 -0.44799999999999995 1.3665000000000003 0.9195000000000001 0.56450000000000011 0.74450000000000005 -0.63349999999999984 1.5265000000000002 1.0935000000000004 0.98850000000000005 1.1825000000000003 0.99950000000000017 0.79750000000000021 1.2675000000000003 1.2910000000000001 0.86950000000000005 0.87750000000000006 0.71150000000000013 1.0905000000000002 1.1165000000000003 -0.38049999999999995 1.3585000000000003 0.96750000000000014 0.81950000000000001 1.0195000000000001 0.70350000000000013 -0.11649999999999999 1.2535000000000001 0.08900000000000001 1.0465000000000002 0.49900000000000005 0.49450000000000005 -0.19449999999999998 0.87850000000000017 0.79750000000000021 1.1645000000000001 -0.16649999999999998 0.19750000000000004 -0.49349999999999994 -0.32649999999999996 -0.010499999999999997 1.0685000000000002 0.89750000000000008 -0.82949999999999979 -0.61249999999999993 1.1285000000000001 0.97950000000000015
decision_type=2 2 2 2 2 2 2 2 2 2 2 2 2 2 2 2 2 2 2 2 2 2 2 2 2 2 2 2 2 2 2 2 2 2 2 2 2 2 2 2 2 2 2 2 2 2 2 2 2 2 2 2 2 2 2 2 2 2 2 2 2 2 2 2 2 2 2 2 2 2 2 2 2 2 2 2 2 2 2 2 2 2 2 2 2 2 2 2 2 2 2 2 2 2 2 2 2 2
left_child=1 7 3 6 5 25 8 11 -3 31 47 26 13 45 -15 43 42 84 -6 79 33 32 23 51 -8 61 27 -1 29 30 34 67 73 36 78 -36 -21 -33 -39 -14 50 71 -5 44 57 -10 -47 59 55 82 -41 52 -23 -49 80 56 66 -12 87 69 -60 62 65 -64 83 -4 -29 -2 -44 70 81 -19 -30 74 75 -13 -9 -53 -20 -7 -22 96 -50 -35 85 91 -46 -31 -89 90 -86 -18 97 -94 -61 -96 -11 -91
right_child=9 2 4 16 18 19 24 76 12 10 15 21 39 14 -16 -17 17 41 28 20 54 22 -24 -25 -26 -27 -28 48 72 58 -32 37 -34 64 35 -37 -38 38 -40 40 -42 -43 68 -45 86 46 -48 53 49 -51 -52 77 -54 -55 -56 -57 -58 -59 60 94 -62 -63 63 -65 -66 -67 -68 -69 -70 -71 -72 -73 -74 -75 -76 -77 -78 -79 -80 -81 -82 -83 -84 -85 89 -87 -88 88 -90 92 -92 -93 93 -95 95 -97 -98 -99
leaf_value=0.11597155085062057 -0.054768315184031892 -0.10903515675046678 -0.1314156499953929 0.25102515381722057 -0.11458482335281568 -0.031624136305937668 -0.21972276025881274 0.25132580177733654 0.23647099333105298 -0.35979954788165691 0.1075957603670718 -0.041532906985331901 0.030080576544374939 0.068875120776591359 -0.24861245983361591 -0.27277087601881345 0.2196087588172565 -0.037042787786506493 0.21337616216350305 0.13514461986657142 -0.16480214738962279 0.051884788090511516 -0.21781030562787321 -0.20211423062892875 0.04033977328496488 -0.32120155862078703 0.11361485128074365 -0.11076809375918546 0.044208695215878072 0.27876734223096417 -0.13421675180988707 -0.11771322117725101 -0.059095495988787751 0.1183906507715709 0.077672319741043536 -0.11726934765102617 -0.092807285052330865 -0.034546149308774025 0.20574014888789427 0.2372432722348454 0.05700175680826456 0.25753693041575676 -0.043633337025885677 0.06665791746370793 -0.25407530625411429 0.16304432332985794 -0.038444125793518885 -0.027149434594455148 0.1325278030388449 -0.10987354192757406 0.072247934247723591 -0.012346268355194964 -0.13546141349526944 -0.21733363726892227 0.051162049788012302 -0.2158151465433992 -0.20557594909953691 -0.088736735432208363 0.20112525050623409 -0.26738959831771991 0.015485890623076429 -0.26936651763142172 0.051858719258296673 -0.14103033703026446 0.042802428817053172 -0.32379058838941632 0.071180278314189105 -0.21434485007135123 0.13332923739880739 -0.093433910100771289 -0.13796321592937894 0.1422023885571535 -0.1448331147278262 -0.29017164942585943 -0.30317203064923554 -0.21167377986378311 0.06834798705068533 0.12929553003035907 0.080586370554611542 -0.17991839249665073 -0.014928882702703296 -0.20469603540668851 -0.0061104718321045026 0.2467337571424921 0.29858611874421664 0.085055735205886357 -0.12411351816248394 0.077311155705322418 0.27252355336054807 0.32805099739503019 0.19677559597598682 0.32128251346475672 0.30434384694422117 0.20497180015870714 -0.29983262432134455 -0.36395099363056738 -0.3059215876931079 0.31029968730302726
leaf_weight=16.608024552464485 22.570839300751686 21.544894069433212 16.40885961055756 12.546746268868445 16.904283776879311 15.1906905323267 18.180434420704845 12.546802490949633 19.500262647867203 13.65546862781048 12.410176634788511 17.656371444463733 16.317989081144333 12.883196547627451 12.649718731641768 15.761840015649794 14.269092336297037 12.305728182196619 19.76082706451416 13.601502850651743 16.381780430674556 14.424891516566275 22.338626950979233 18.192488163709641 12.435571327805517 20.811269655823708 21.005008593201637 14.668960198760034 13.608062341809275 17.270179942250252 12.884119465947149 13.179067134857176 24.604311972856522 12.26275961101055 32.167353719472885 16.833687484264374 17.589097142219543 12.936508342623712 13.404098823666571 92.255626484751701 20.348284691572189 15.683398485183714 14.550940737128256 18.036646082997322 12.706955671310427 18.741079166531563 16.135367035865784 12.902207553386686 16.776042878627781 23.485762819647789 14.02604019641876 15.218379870057104 22.63147084414959 23.981572389602661 24.033069178462029 20.13930381834507 13.420965582132338 19.651518538594246 13.555332273244856 12.3432360291481 19.982273444533348 17.353314459323883 15.669318169355391 24.576664432883263 14.982192724943159 12.436076909303663 17.142262473702431 18.616979688405991 17.993245735764503 12.415334999561308 15.117817997932432 17.926039174199104 12.557649731636046 23.350525841116905 13.17029272019863 13.659867659211157 13.070397779345511 21.873123705387115 17.59186677634716 13.962451830506323 12.333040118217466 13.884430497884749 12.319404825568197 23.03895229101181 13.547197371721266 12.264038130640982 15.443742036819456 12.938151672482492 12.206524834036825 39.208217650651932 19.331876546144485 16.238043963909149 15.493870809674265 12.647822767496107 12.345109060406683 21.189726904034615 12.375024631619452 12.097896695137022
leaf_count=67 91 87 66 51 68 61 73 51 80 55 50 71 66 52 51 64 59 50 80 55 66 58 90 73 50 84 85 59 55 71 52 53 99 50 131 68 71 52 54 384 82 64 59 73 51 77 66 52 68 95 57 62 91 97 97 81 54 79 55 50 81 70 63 99 61 50 69 75 73 50 61 73 51 94 53 55 53 89 71 56 50 56 50 94 57 50 62 53 50 165 81 67 65 53 50 86 50 51
internal_value=0 0.0347946 0.0715872 0.145284 -0.00696854 -0.0622951 0.0854415 -0.0609065 0.110437 -0.148282 -0.178994 -0.0763659 0.131654 0.0599304 -0.0884171 -0.0920204 0.212158 0.235304 0.0616335 0.0204226 0.0471534 -0.116198 -0.0716748 -0.0363223 -0.114091 -0.188294 -0.023334 -0.0447118 0.0764274 0.0947899 0.0446334 -0.0553495 -0.171431 0.0979856 0.0713182 0.0107026 0.00659729 0.0192184 0.0877297 0.171749 0.190005 0.133558 0.108972 -0.0556115 -0.0922373 0.129588 0.069827 -0.233427 -0.0673364 -0.00822441 0.215469 0.00435546 -0.0625334 -0.150806 -0.0313622 -0.114883 -0.0699433 -0.012742 0.160323 -0.260317 0.0905182 -0.156297 -0.127897 -0.0659312 0.154673 -0.214355 -0.0127207 -0.126897 0.0542069 -0.219233 -0.247613 0.0692413 -0.0465177 -0.212174 -0.171234 -0.115747 0.157967 0.0711809 0.150837 -0.102647 -0.100431 -0.289143 0.0738265 0.202151 0.265425 0.219628 -0.182777 0.215519 0.172077 0.282864 0.238725 0.273727 0.301131 0.259683 -0.320718 -0.340347 -0.334186 0.323865
internal_weight=0 1398.32 1010.01 521.123 488.891 270.631 275.018 388.303 244.402 324.928 244.221 362.686 222.858 79.9096 25.5329 94.0109 246.104 201.013 218.26 163.376 134.222 207.12 114.679 92.3404 30.616 107.256 155.566 134.561 201.356 175.19 99.2379 80.7075 92.4414 81.4745 86.3537 49.001 31.1906 39.5197 26.3406 142.948 126.63 45.9152 45.0909 78.249 60.2124 54.3767 34.8764 150.21 117.953 52.5812 106.282 74.1479 37.0564 36.8838 52.7479 65.3715 45.2322 32.0617 75.9525 113.326 33.5376 86.4442 69.0909 40.246 50.2839 28.8449 31.8112 41.1878 32.5442 67.4481 55.0327 30.2318 26.1657 67.8371 44.4865 31.3162 25.6172 37.0915 37.3527 29.1531 28.7148 39.9149 29.0954 35.3017 155.098 42.7712 28.1507 42.4149 25.1447 112.327 32.8791 30.5071 79.4478 28.1417 45.8781 33.5348 26.0305 51.3061
internal_count=7000 5689 4122 2143 1979 1093 1125 1567 1002 1311 986 1463 915 326 103 379 1018 835 886 661 544 835 463 373 123 432 628 543 818 712 402 325 372 331 350 199 126 159 106 589 523 187 183 315 242 223 143 607 476 213 441 300 149 149 213 263 182 129 310 458 136 348 278 162 205 116 128 166 132 272 222 123 106 273 179 126 104 151 151 117 116 161 118 144 648 176 113 174 103 472 138 126 334 118 186 136 105 216
shrinkage=0.2


Tree=2
num_leaves=99
num_cat=0
split_feature=25 25 5 26 27 25 25 0 27 3 13 25 21 7 3 25 5 22 5 5 27 3 26 21 5 0 9 22 21 9 24 5 27 26 25 10 22 5 2 26 0 24 14 26 5 6 27 20 21 2 27 14 25 14 21 5 7 9 24 14 22 17 21 26 9 1 15 5 14 25 5 9 18 24 9 10 24 9 13 8 5 22 27 24 23 22 19 21 26 19 23 3 18 14 27 24 18 27
split_gain=147.978 92.7018 60.0676 52.1428 51.1408 32.3278 28.1053 27.6552 26.1047 21.852 18.3156 16.4543 20.6456 17.6082 15.9774 14.6754 14.4263 12.4708 12.3532 10.7909 13.7341 10.196 9.5453 9.47164 9.32812 9.30406 11.5633 12.8578 9.24931 9.00219 8.83823 8.77655 8.55107 8.53749 10.7836 8.75534 8.71921 8.50433 8.49336 8.38449 9.84239 8.37201 8.91445 8.12455 7.87892 7.83506 7.37675 7.3167 7.1974 8.1451 7.1546 6.98332 7.74113 6.85103 6.78262 9.29637 6.62243 6.54504 6.0608 6.25923 5.88912 5.55551 5.46262 5.36771 5.36346 5.28709 5.28667 5.11667 5.03284 4.88915 6.06879 7.0006 7.86629 6.77565 4.75427 8.98711 4.5219 4.51273 4.27643 3.8862 3.61246 3.48279 5.47059 11.704 3.48273 3.4165 3.01637 3.00295 2.94766 2.90486 2.8392 2.54438 2.23387 2.17729 2.16012 2.09503 1.94508 1.76899
threshold=1.1945000000000003 0.59250000000000014 0.81450000000000011 0.77550000000000019 1.0105000000000002 0.96550000000000014 0.98650000000000004 1.7585000000000002 0.85650000000000015 1.8435000000000004 0.9405 1.5645000000000002 1.0965000000000003 1.2205000000000001 2.0490000000000004 0.7875000000000002 1.0835000000000001 1.0355000000000001 1.76 1.3565000000000003 0.9145000000000002 1.1525000000000001 0.94850000000000001 0.84850000000000014 0.88850000000000018 0.90550000000000008 1.0095000000000003 0.89550000000000007 0.88750000000000007 0.82250000000000012 1.5085000000000002 1.0255000000000003 1.1825000000000003 0.81150000000000022 0.73650000000000004 -0.76449999999999985 1.0005000000000002 0.97950000000000015 1.1095000000000004 0.89850000000000019 1.2295000000000003 0.62550000000000006 0.82350000000000001 0.98950000000000016 0.52550000000000019 -0.85749999999999982 0.9275000000000001 1.0000000180025095e-35 0.71550000000000014 -0.45849999999999996 0.9425 -0.67749999999999988 0.90550000000000008 -0.53749999999999998 0.71350000000000013 0.65650000000000019 -0.37049999999999994 0.90150000000000008 0.73450000000000004 0.53850000000000009 0.7915000000000002 1.0945000000000003 0.98850000000000005 0.73850000000000005 0.60450000000000015 0.32150000000000006 -0.014499999999999997 1.0315000000000001 -0.73049999999999982 2.0735000000000006 1.4845000000000004 0.91150000000000009 -0.62699999999999989 0.94350000000000012 0.92850000000000021 -0.029499999999999995 1.0395000000000001 0.77450000000000008 1.0375000000000003 1.6300000000000001 0.96350000000000013 0.93050000000000022 0.85950000000000004 1.1675000000000002 0.98750000000000016 0.90450000000000019 -0.29749999999999993 0.88850000000000018 0.88050000000000017 0.30350000000000005 0.98850000000000005 0.76850000000000007 -0.29849999999999993 0.13650000000000004 0.84150000000000003 1.3385000000000002 0.8005000000000001 0.82150000000000001
decision_type=2 2 2 2 2 2 2 2 2 2 2 2 2 2 2 2 2 2 2 2 2 2 2 2 2 2 2 2 2 2 2 2 2 2 2 2 2 2 2 2 2 2 2 2 2 2 2 2 2 2 2 2 2 2 2 2 2 2 2 2 2 2 2 2 2 2 2 2 2 2 2 2 2 2 2 2 2 2 2 2 2 2 2 2 2 2 2 2 2 2 2 2 2 2 2 2 2 2
left_child=1 10 3 41 6 8 33 14 21 11 25 12 13 24 18 56 57 54 29 20 23 39 -17 -12 74 31 27 28 60 67 43 58 87 35 36 -4 37 -35 48 40 44 -3 45 -13 -5 -43 -14 90 -26 -50 -19 -31 -53 -29 -7 89 -10 85 64 84 -27 -48 -9 -25 -1 -55 -32 -6 -47 70 71 -45 -73 -74 94 -76 -58 -23 -18 91 -22 82 93 -84 -60 -8 -51 -24 -83 -56 -37 -70 -71 -36 -2 -11 -90 -41
right_child=9 2 4 5 7 17 16 62 15 95 19 30 46 -15 -16 22 78 50 -20 -21 80 77 32 63 38 26 -28 53 -30 51 66 -33 -34 34 81 47 -38 -39 -40 97 -42 42 -44 69 -46 68 61 -49 49 86 -52 52 -54 65 55 -57 76 -59 59 -61 -62 -63 -64 -65 -66 -67 -68 -69 79 92 -72 72 73 -75 75 -77 -78 -79 -80 -81 -82 88 83 -85 -86 -87 -88 -89 96 -91 -92 -93 -94 -95 -96 -97 -98 -99
leaf_value=-0.20957718412504681 -0.30744019605982392 0.020098672336646618 -0.042501794550693223 0.040421082682008662 0.052745229946646259 0.016282918569981514 -0.025492991119075332 -0.25825165059584199 0.012939182299509026 -0.32605871769866823 -0.09614106420564765 -0.0094389948766899316 0.18859574018915581 0.078409370977181037 -0.12079268534546839 -0.076590959519187818 0.19447250465692212 0.1668259865883357 0.23929219938231477 0.14970602152360454 -0.066808522656922678 -0.033209330161612829 0.21748258569021461 0.015481608877022138 0.027893451823738383 0.0010008937252198346 0.076015250650189936 -0.040134397472685997 0.11284529557117949 -0.096557394207481606 0.056930010423818234 -0.014904427480461939 -0.034974337112122708 -0.061042357153562446 0.18805189290549468 0.14918306512162843 0.22177482104986451 0.13538335006557287 0.059162190629832606 0.30209264223124288 0.027094072673539412 -0.044485088952610836 -0.0058970861334520057 -0.30443531187217931 0.2241282784032213 -0.11237504309995212 0.10421956672426386 0.060327907445152512 -0.051065969534596328 -0.29323792760567269 -0.044268086654390602 0.12553081856561674 -0.02914884414291162 -0.2886388472816811 -0.29628494928488369 -0.052304828216124671 -0.23155062136498292 0.057464756548163867 -0.34417516352607808 -0.099853911241539153 -0.18112577414782183 -0.073381444880866425 -0.078965373084099247 0.16677723772172393 -0.048769737323239082 -0.1216003266961881 -0.12433712754877591 0.21307627866417642 -0.13096179725880594 -0.17567413598612347 -0.049848384534763 -0.25778396293351147 -0.20677280724467276 -0.032075908923341181 -0.0058869097357390097 -0.23198984341198484 -0.063316296646968404 0.11802089916908701 0.055769391233663194 -0.32096840133693066 -0.21457252017785977 0.16690734566037188 0.017733836391164871 0.25848932298091942 -0.21130771977720136 -0.16516471980135852 -0.15273390236869192 0.10624358095591178 0.27132922577324414 -0.16009656801344416 0.28208987530058532 -0.25833344476253911 -0.27864660263448088 0.26174005391013483 -0.18819569112557094 -0.22002761744984084 0.18824111649322073 0.20361000372412669
leaf_weight=13.072561502456663 12.2203616052866 15.345268309116362 12.687322273850439 12.085909903049467 14.955653369426729 13.981880992650984 14.84969098865986 14.189934164285662 17.605966687202454 15.098709136247637 15.562591865658758 12.64818826317787 13.752202510833738 21.078505352139473 19.227107748389244 14.320691928267477 21.598005741834641 12.546627387404444 15.985257878899573 17.53308767080307 13.128049686551096 16.24810698628426 16.822909772396088 19.190324544906616 12.183391213417051 16.016837358474735 21.082186415791512 12.271097511053084 15.264938518404959 18.197771176695824 12.77022045850754 17.955689370632172 12.741187199950216 15.106550157070158 39.17984813451767 12.608562871813776 18.679952874779701 21.17505855858326 15.408109992742537 16.960771635174755 23.568444237112999 15.740522429347036 16.276941701769829 14.226559072732924 41.079114377498627 16.998319715261459 13.283259257674219 22.246215984225273 20.033922910690304 12.240276426076887 13.157220646739004 25.646291449666023 26.125727206468582 17.613332659006122 12.263249993324282 23.858608931303024 12.634762465953829 20.385897487401962 12.987061172723768 13.042303979396818 12.758889302611349 15.001958623528479 13.048956215381621 18.348041445016861 22.708007410168648 13.305181771516798 12.974673867225645 17.025607764720917 12.785651519894602 13.507521405816076 18.300906956195831 17.630495429039001 14.040971100330351 24.163121894001961 13.069212809205057 15.221860900521277 12.931703120470045 15.348056167364119 15.113048017024992 15.442095726728438 13.345672950148581 18.383780837059021 19.252361923456192 13.914224341511725 20.111064404249191 13.261142104864119 12.206887245178228 22.949769213795662 61.870278537273407 12.807639464735983 13.118582636117933 12.316312730312346 22.405227437615395 27.15597853064537 12.086841419339178 14.721688762307165 13.779952570796011 12.80283911526203
leaf_count=53 50 62 52 51 61 57 61 59 72 64 63 51 56 86 78 60 91 51 67 72 53 69 71 78 50 65 86 50 62 75 52 73 52 63 173 52 79 89 63 74 99 64 66 59 174 69 54 91 82 50 54 107 108 72 50 97 52 84 53 53 52 61 54 75 92 54 53 70 52 57 75 73 58 99 53 62 53 65 63 63 54 79 82 61 82 54 50 95 274 52 54 50 95 122 50 62 60 56
internal_value=0 0.0324125 0.061852 0.00672595 0.105421 0.0450851 0.144487 0.011709 0.0821214 -0.109357 -0.0640544 -0.0953723 -0.0550383 -0.0906527 0.0482635 0.0094352 0.042786 -0.058607 0.0758246 0.00767248 -0.0236225 0.140024 0.068146 0.0350451 -0.119237 -0.0975106 -0.0569102 -0.0890362 -0.0129961 0.050194 -0.141935 -0.14154 0.107616 0.172517 0.188938 0.105248 0.110757 0.0535977 -0.0725013 0.169625 0.134675 -0.116396 -0.139783 -0.162149 0.182366 -0.169521 0.0684418 0.144323 -0.108303 -0.145607 0.0587717 0.0100148 0.0474748 -0.166575 -0.106565 -0.141669 -0.081454 -0.0288136 -0.169297 -0.217202 -0.0797524 0.0100233 -0.172363 0.089432 -0.107521 -0.216757 -0.0344233 0.138099 -0.203724 -0.177692 -0.152402 -0.17919 -0.147278 -0.0962814 -0.183276 -0.12754 -0.146456 0.0402518 0.137372 -0.242022 -0.141298 0.21114 0.185058 0.118737 -0.263442 -0.0913824 -0.223082 0.153295 0.238739 -0.226712 0.216954 -0.193457 -0.239917 0.218218 -0.248145 -0.273713 0.256194 0.25973
internal_weight=0 1305.69 1000.39 441.621 558.769 336.715 394.366 164.402 248.1 380.275 305.297 350.455 187.787 145.749 137.163 110.007 85.2078 88.6152 117.936 97.1078 79.5747 138.093 66.8346 53.101 124.671 208.189 108.312 87.2303 44.0407 101.951 162.668 99.8767 52.5139 309.159 248.498 60.6607 54.9616 36.2816 72.0726 106.497 76.7335 104.905 89.5598 136.923 53.165 73.2829 42.0374 47.9734 56.6645 44.4811 25.7038 69.9698 51.772 43.1896 62.9114 48.9295 43.1724 48.4967 81.921 46.1404 28.7757 28.2852 27.2389 37.5384 35.7806 30.9185 25.7449 31.9813 57.5424 124.275 88.3621 70.0611 55.8346 38.2041 52.5983 28.2911 25.5665 31.5962 36.7111 40.5441 26.4737 193.536 99.5024 33.1666 33.0981 28.1108 24.4472 39.7727 94.034 25.0709 25.7271 25.102 35.9127 66.3358 24.3072 29.8204 75.6502 29.7636
internal_count=7000 5435 4193 1830 2363 1404 1684 679 1043 1565 1242 1439 767 596 566 455 353 361 488 395 323 588 278 216 510 847 441 355 179 421 672 406 218 1331 1082 249 231 152 295 454 324 426 364 567 225 298 171 197 232 182 105 290 215 176 256 199 177 199 333 188 117 115 113 153 145 126 105 131 234 516 364 289 230 157 215 115 105 134 154 165 107 851 438 143 135 115 100 166 413 102 106 102 152 295 100 126 334 130
shrinkage=0.2


Tree=3
num_leaves=86
num_cat=0
split_feature=25 25 26 27 5 25 26 25 22 0 9 27 13 24 27 25 25 3 0 6 1 5 3 27 5 27 19 27 9 22 22 0 3 13 27 9 25 21 11 18 27 24 13 27 2 26 24 5 5 12 4 25 24 22 7 22 18 21 14 2 15 14 15 5 18 18 24 13 7 24 26 24 10 4 7 13 19 25 22 22 14 14 21 0 9
split_gain=99.7877 74.3182 51.5534 47.8765 21.2054 20.7163 19.6892 21.673 19.5901 16.8112 16.5721 15.322 13.0952 12.8967 10.7641 11.3673 10.6692 10.3821 12.4093 14.3913 12.2597 11.0379 9.59557 9.07808 10.3326 8.81582 8.79612 9.08723 9.98921 9.67043 11.5684 9.37098 9.02411 8.50733 8.38591 8.02029 7.70958 7.68111 8.8041 7.65211 7.42472 7.30143 7.81769 11.5807 10.8393 8.17859 7.21874 7.11947 6.83803 9.90648 6.68233 6.44964 6.94763 6.34568 11.6225 8.04734 6.11541 5.76531 5.72239 5.69939 5.65743 5.57289 5.37958 5.25438 5.296 5.20465 5.187 5.15973 4.96778 4.49841 6.22364 4.40091 4.15113 3.91489 3.91312 3.7935 3.97898 3.66038 3.26141 3.0513 2.68092 6.76489 2.77546 1.70481 0.734693
threshold=1.0655000000000003 0.62250000000000016 0.77550000000000019 0.90350000000000008 0.85450000000000015 1.5645000000000002 0.86550000000000005 0.84050000000000014 1.0265000000000002 1.2425000000000004 1.3165000000000002 1.0315000000000001 0.9405 1.2805000000000002 0.83750000000000002 0.52350000000000019 0.6795000000000001 2.0310000000000001 1.2825000000000002 -1.4414999999999998 0.54350000000000021 1.3955000000000002 1.8395000000000004 0.89650000000000019 0.73950000000000016 0.75150000000000017 1.4535000000000002 1.0845000000000002 1.0095000000000003 0.78650000000000009 1.0875000000000001 0.96850000000000003 0.42050000000000004 0.82650000000000012 0.7965000000000001 0.88250000000000017 0.99250000000000005 0.67650000000000021 -0.5724999999999999 -0.27699999999999997 0.80850000000000011 1.3345000000000002 1.6985000000000003 0.90350000000000008 0.73950000000000016 0.91350000000000009 1.6195000000000002 0.48650000000000004 1.3085000000000002 1.0000000180025095e-35 0.48550000000000004 0.94350000000000012 0.71250000000000002 1.0335000000000003 -0.72799999999999987 0.80350000000000021 -0.91149999999999987 0.91750000000000009 0.7360000000000001 1.2315000000000003 0.85850000000000015 1.4825000000000002 0.82900000000000007 0.76450000000000007 -0.037499999999999992 0.49150000000000005 1.0595000000000001 0.86250000000000016 0.086500000000000007 0.98150000000000015 1.2945000000000002 1.3125000000000002 -1.3384999999999998 0.19650000000000004 0.031500000000000007 0.68750000000000011 -0.49049999999999994 0.87650000000000017 0.84650000000000014 0.87350000000000005 -0.56549999999999978 0.14750000000000002 0.89450000000000018 0.90250000000000019 0.89450000000000018
decision_type=2 2 2 2 2 2 2 2 2 2 2 2 2 2 2 2 2 2 2 2 2 2 2 2 2 2 2 2 2 2 2 2 2 2 2 2 2 2 2 2 2 2 2 2 2 2 2 2 2 2 2 2 2 2 2 2 2 2 2 2 2 2 2 2 2 2 2 2 2 2 2 2 2 2 2 2 2 2 2 2 2 2 2 2 2
left_child=1 12 4 6 51 8 7 40 11 34 17 13 26 23 15 62 -8 18 19 -5 50 36 53 24 33 -18 27 28 29 31 32 -1 -31 -2 35 -9 -21 -26 -39 -6 57 42 43 45 74 -10 78 -27 49 -16 66 52 73 55 -55 -7 -56 63 75 80 -34 72 68 64 -4 -30 -20 -40 -14 -12 77 -58 -49 -3 -45 -54 -77 -71 -13 -25 -57 -82 -83 -80 -65
right_child=5 2 3 10 39 22 16 9 41 -11 69 46 14 -15 48 -17 25 -19 20 21 -22 -23 -24 79 37 47 -28 -29 65 30 -32 -33 60 -35 -36 -37 -38 38 67 -41 -42 -43 -44 44 -46 -47 -48 61 -50 -51 -52 -53 58 54 56 59 71 -59 -60 -61 -62 -63 -64 84 -66 -67 -68 -69 -70 70 -72 -73 -74 -75 -76 76 -78 -79 83 -81 81 82 -84 -85 -86
leaf_value=-0.081960732740914199 -0.2661048072710443 -0.068843687576714899 0.03708553999935571 -0.15734547151078862 -0.032456087065851173 0.0011989516469895086 0.014538653772995637 0.013833806023481152 -0.041116147459052441 -0.22966368066013709 0.035838598870738002 -0.12778969193469894 0.041030253096861376 0.089105028936665609 -0.17740674164499901 0.1853186679571166 0.0079748291449285528 -0.12747662171972349 -0.047078790172670498 0.069867064122169739 -0.191044875231657 0.24618376215073379 -0.2871871354955608 -0.083943460929739283 0.13736364382768887 0.049136516701503978 -0.21131445817823075 -0.18751635169763345 -0.011035013535826496 0.03026719965547979 0.061701629612910973 0.1106045981526679 -0.17934708597812912 -0.045392359876235085 -0.10779622537632312 0.22220415362429061 -0.059427244515338346 -0.16540075224333578 -0.085021116701924332 0.15956922869921253 0.017355742845809256 0.12248878395761105 0.13597491054772895 -0.092219605949031724 0.047796648174247044 0.17169777635373729 -0.041784233607702989 0.11511081538140805 0.0694392270882217 0.039071131632552526 -0.12001546141541136 -0.2370564645271801 -0.069303383308974328 0.060239905892563707 -0.24883386570969976 -0.25991132928225613 -0.13752689208999017 0.070341369528530651 -0.011532363200697865 -0.043648153634864968 -0.059917002814432907 0.069754079272870209 0.11151243898639228 0.29384572112286017 0.2248033234080079 0.14733491278476854 0.12584265991106694 0.070571853881524593 -0.13414615039231839 0.28863258569462563 0.062663078656356147 0.014648267367009294 0.21380128352100708 0.074987238248492086 -0.24588503824175897 -0.12091754852338202 -0.27431057774881573 0.14158014094106378 -0.20186015247187031 -0.20585616873200965 -0.084464644607362138 -0.18272699157731545 -0.30693144827417895 -0.30032367585733355 0.22627455837017016
leaf_weight=20.577117443084717 12.446039468050005 16.828666791319851 11.687738761305811 12.781265944242476 13.802693352103232 12.17018339037895 17.303940132260323 20.899899989366531 14.41026245057583 12.321781173348425 20.724548414349556 11.843901887536047 12.581009179353716 22.932723134756088 24.147434890270233 21.13722924888134 11.680929511785505 22.632156372070312 11.830830529332163 103.91708855330944 19.682350933551788 12.192003935575483 14.534306257963179 13.091569036245344 13.388155579566954 14.176930069923399 17.277970343828201 21.062506929039955 23.232838466763496 12.793572396039961 15.09487648308277 19.869450196623802 64.254850462079048 15.922019377350805 12.081186920404432 11.429673403501509 22.428803354501724 14.427244886755942 12.871501579880713 20.824895352125168 16.800296783447266 23.710692286491394 13.442459329962729 12.431905567646028 13.145539090037344 14.483293622732161 12.509342476725577 18.887778386473656 12.492702558636664 13.012301981449125 12.693778991699217 11.959115266799925 12.103741183876989 19.444412246346474 11.763963654637335 18.562949031591408 20.288572058081627 18.510415881872177 13.493446364998816 11.64415420591831 21.067196890711784 13.172245800495146 12.291534364223478 14.253125458955767 12.378908291459082 12.914604708552359 16.780201584100723 25.247686728835106 13.343284472823141 12.628407150506975 19.912002891302109 12.156644284725187 175.02976208925247 13.75809597969055 14.200508028268812 12.508655235171315 14.729474812746052 14.597307965159414 13.576709777116777 22.031945779919624 21.125204205513008 18.075138017535213 11.957157611846922 14.594936877489088 11.736216843128203
leaf_count=85 52 69 50 53 57 52 72 89 59 51 88 50 52 94 99 88 54 93 50 435 82 53 69 54 56 63 71 87 96 53 62 81 266 66 50 50 92 60 53 87 69 97 55 51 54 60 51 89 51 53 53 50 50 81 50 80 86 81 55 50 87 62 51 64 54 53 70 104 55 54 84 50 826 56 58 52 62 63 58 92 90 79 52 63 52
internal_value=0 0.0322404 0.064567 0.086186 -0.0510291 -0.0759624 0.132296 0.0728392 -0.0451514 -0.0229732 0.0264398 -0.0812434 -0.0468773 -0.0491303 0.0101463 0.0676298 0.166057 0.00129332 0.0150204 0.0457173 -0.0611437 0.0644515 -0.131711 -0.0736239 -0.0412978 0.177312 -0.0741227 -0.0628815 -0.0490508 -0.0713046 -0.101294 0.0126373 -0.126371 -0.142226 0.0343732 0.0875003 0.0469149 0.00212628 -0.0323305 0.0830272 0.136514 0.0247252 -0.00350431 -0.0308074 -0.100806 0.0655598 -0.174394 0.186251 -0.0585677 -0.101602 0.00075619 -0.0996974 -0.0800061 -0.117335 -0.0686229 -0.150485 -0.1253 0.16571 -0.123921 -0.173173 -0.149858 0.195638 0.00253588 0.200977 0.13364 0.0455467 0.0543386 0.0180336 -0.0491334 0.113497 0.14764 -0.0805096 0.204189 -0.00414774 -0.174155 -0.162468 -0.203867 0.209789 -0.215849 -0.160416 -0.194805 -0.171181 -0.232178 -0.252871 0.263332
internal_weight=0 1162.31 825.16 695.152 130.009 482.431 392.351 142.099 310.708 56.7325 302.801 204.884 337.15 152.359 109.005 59.3531 250.252 234.938 212.306 151.319 60.9872 138.538 171.723 129.426 94.3026 232.948 228.145 210.867 189.805 153.657 113.21 40.4466 98.1156 28.3681 44.4108 32.3296 126.346 65.9346 52.5464 34.6276 85.3667 105.825 82.114 68.6715 39.778 28.8936 52.5249 221.267 49.6524 37.1597 41.3048 95.3812 83.4221 157.188 63.6536 93.5348 44.2092 68.5664 52.8353 81.3646 85.322 207.09 38.2158 50.056 24.0666 36.1474 28.611 38.1192 25.9243 67.8623 47.1377 32.4452 193.918 30.5868 26.6324 39.3419 27.2381 27.2257 40.0155 35.1235 69.7204 51.1575 30.0323 28.1716 25.9893
internal_count=7000 4974 3584 3046 538 2026 1776 610 1287 240 1270 853 1390 631 449 246 1166 981 888 633 255 580 739 537 391 1094 941 870 783 634 468 166 406 118 189 139 527 273 217 144 370 434 337 282 163 119 222 1040 203 152 173 394 344 670 267 403 186 301 219 351 353 977 158 220 104 149 120 157 107 289 201 136 915 125 109 164 114 117 171 146 301 221 131 121 116
shrinkage=0.2


Tree=4
num_leaves=99
num_cat=0
split_feature=25 26 27 5 22 24 25 27 5 9 25 24 22 27 26 18 3 4 27 24 21 22 22 26 10 13 24 26 3 2 24 9 0 22 26 13 5 25 25 17 9 11 21 21 6 22 24 12 25 14 25 2 8 24 4 10 9 3 27 25 21 7 10 0 9 10 22 21 5 9 27 27 4 14 19 15 25 25 17 3 25 19 8 9 27 5 18 18 5 25 13 7 25 13 14 11 26 21
split_gain=69.8665 41.4208 55.603 27.7056 22.6298 37.1592 13.9939 13.4894 14.4108 13.8388 12.1759 10.7089 10.5146 11.5325 14.2279 10.3415 11.0509 10.7695 10.34 14.9412 10.2448 9.24762 9.23671 8.86486 8.5812 8.08927 7.84502 7.79299 7.37539 7.59278 7.34004 8.99907 7.06314 6.97763 6.78389 6.49627 6.53043 7.46007 8.40939 6.42949 6.33671 6.30404 6.2775 9.67086 6.26698 6.24854 6.11476 5.80142 5.80062 7.55179 8.07296 5.96989 5.69056 5.55307 5.54501 6.47249 5.3694 6.72162 6.67297 11.7175 7.26606 5.34186 5.3092 6.26637 5.96536 5.17515 6.59291 4.9643 5.81833 4.95801 4.79713 4.61554 4.47894 5.42399 4.43165 4.11678 3.93411 8.0099 3.75287 3.72569 3.69681 3.32979 3.19375 3.18952 3.0461 3.04479 4.93235 3.24844 2.95515 2.76406 4.23116 2.44667 1.97452 1.6206 1.48153 1.18343 0.944479 0.531702
threshold=1.2835000000000003 0.80950000000000022 0.90350000000000008 0.88050000000000017 1.0495000000000003 1.0255000000000003 1.1375000000000002 0.72550000000000014 0.71150000000000013 0.87250000000000016 0.94650000000000001 0.73450000000000004 1.0395000000000001 0.83950000000000002 0.89750000000000008 -0.032499999999999994 0.44750000000000006 -0.20749999999999996 0.89650000000000019 1.0995000000000001 1.0675000000000001 0.74650000000000005 0.99050000000000005 0.72750000000000015 0.57750000000000001 0.71650000000000003 0.62650000000000017 0.85350000000000004 1.6365000000000001 0.47000000000000003 1.7695000000000001 1.6455000000000002 0.73450000000000004 0.79750000000000021 0.76550000000000018 0.99150000000000016 1.0925000000000002 1.0065000000000002 0.79750000000000021 0.65450000000000019 0.70850000000000002 -0.99949999999999994 0.81850000000000012 0.93250000000000022 0.026500000000000003 1.0285000000000002 0.82150000000000001 1.0000000180025095e-35 0.64250000000000018 0.67250000000000021 0.95150000000000012 -0.081499999999999989 1.6300000000000001 0.93950000000000011 1.2685000000000002 -1.2024999999999999 0.7965000000000001 1.5715000000000001 1.4465000000000001 1.8335000000000001 0.85250000000000015 -0.23549999999999996 0.58500000000000008 1.6240000000000003 0.76150000000000018 0.72450000000000003 0.97350000000000014 0.62750000000000006 0.61950000000000005 0.89550000000000007 1.0825000000000002 1.1845000000000001 0.58350000000000002 -0.083499999999999991 0.38150000000000006 -0.26449999999999996 0.75550000000000017 0.51450000000000007 0.89950000000000008 1.0335000000000003 0.89850000000000019 0.29250000000000004 1.0000000180025095e-35 0.64750000000000008 1.1985000000000003 1.0535000000000003 -0.58399999999999985 0.30750000000000005 1.1735000000000002 0.80150000000000021 0.74150000000000016 0.76900000000000013 0.9125000000000002 1.1465000000000003 0.075500000000000012 0.30950000000000005 1.0575000000000003 0.82350000000000001
decision_type=2 2 2 2 2 2 2 2 2 2 2 2 2 2 2 2 2 2 2 2 2 2 2 2 2 2 2 2 2 2 2 2 2 2 2 2 2 2 2 2 2 2 2 2 2 2 2 2 2 2 2 2 2 2 2 2 2 2 2 2 2 2 2 2 2 2 2 2 2 2 2 2 2 2 2 2 2 2 2 2 2 2 2 2 2 2 2 2 2 2 2 2 2 2 2 2 2 2
left_child=1 7 3 6 5 11 12 8 23 47 15 -4 13 27 -15 16 -9 40 24 45 82 69 91 26 25 -2 -1 44 62 -30 31 48 81 -13 -19 36 37 38 46 -34 -17 71 -27 -44 52 70 -5 76 51 54 -51 -6 -3 -16 55 -50 -43 58 59 60 -58 -47 63 64 -23 66 96 -29 -69 -7 74 -21 73 -11 78 -25 77 -10 -20 -64 -33 -28 -14 -41 -63 93 -87 -88 -38 -90 -91 95 94 -37 -40 -18 -35 -72
right_child=18 2 4 35 30 21 -8 10 9 72 -12 33 20 14 53 17 22 34 19 41 -22 28 -24 75 -26 42 32 67 29 -31 -32 80 39 65 -36 85 88 -39 92 83 -42 56 43 -45 -46 61 -48 -49 49 50 -52 -53 -54 -55 -56 -57 57 -59 -60 -61 -62 84 79 -65 -66 -67 -68 68 -70 -71 97 -73 -74 -75 -76 -77 -78 -79 -80 -81 -82 -83 -84 -85 -86 86 87 -89 89 90 -92 -93 -94 -95 -96 -97 -98 -99
leaf_value=0.017810750323740226 -0.10108357549490288 -0.016868715997777482 -0.0077814858634592012 0.13849422234006975 -0.13929593023053016 0.037652801562606059 -0.12408019835755524 0.047521856230707316 -0.031500047197946572 0.0044852317599915733 -0.26821750065055061 -0.053476888883230038 0.25304600540874311 -0.19208457427603443 -0.07659527341556864 0.16785644766527141 -0.2935979568469082 -0.15680944271144281 -0.17928913764626461 0.12054688672666765 -0.013942547895951866 -0.011844821344455693 -0.044292887428070832 -0.052023259800707655 -0.14383617920081945 0.17024731156960324 -0.26078615934704269 -0.0059398157467975728 -0.020561800428113744 -0.21249295703395277 -0.092984655630827556 0.094629810412111492 -0.17819169697290471 -0.33318105491292155 0.032040869323745627 0.29664330842456194 0.2441166766024444 -0.051333220937558238 0.27222003562583807 0.066092762699967098 -0.0089121857665155745 -0.185562533106858 -0.12785505285585244 0.10917403989697264 -0.071627113552504881 -0.023644731026611139 -0.037475260480942588 -0.086163092521832602 -0.028929791785238898 0.055655681198822637 -0.13843124268569693 0.039866995377797171 0.1714206952408884 0.098253525294612842 -0.04052541775118762 0.12062324705116788 -0.10261168421763329 -0.18352864169854244 0.10473763355598689 -0.20606861795378972 0.10429364952356451 -0.097364884318205225 -0.12582136485862846 -0.062941775977721839 0.11873063894781731 -0.11395500964313426 -0.12823104310924072 0.05052263689857283 0.16645702270710935 0.21400932745080692 -0.22507015182027043 -0.04538071419634207 0.23578874027155561 0.18997823299151528 -0.23621202548981565 0.097508653512671739 -0.055503905186739623 0.18074687090652974 -0.016293088153281388 0.023750488348917145 0.24805031187479712 -0.11915912394186789 0.13162217416833283 -0.075372131065753661 -0.2392703106451548 0.056394631403132812 0.25720962455004054 0.12863810306920306 0.073435807186159496 0.25139753729056502 0.086648487373795421 -0.14497032904811619 0.11657569858430079 0.20340994941375201 0.16392830341121273 -0.20548914243911132 -0.26261544401343734 -0.28219586128275248
leaf_weight=22.344108730554581 17.513242900371552 13.576954707503319 17.3687434643507 13.961036965250967 13.819942101836206 13.459016829729082 17.645602241158485 13.158796265721319 13.607214793562891 13.072302922606468 12.884149983525274 13.598077788949011 19.655358403921127 16.998960301280022 11.384087696671488 15.277129933238028 12.630202636122705 20.953404322266579 11.16010268032551 11.821349471807482 12.085506126284598 21.467754065990448 19.636421114206314 11.999824702739717 18.200010120868683 13.969082057476042 14.997793510556223 13.845814809203146 23.793456360697746 12.616222143173216 14.685619905591009 13.717137336730959 13.160745173692701 15.637574627995493 11.946631059050558 12.506296262145044 15.99726030230522 13.817413389682768 10.799070209264761 12.495845481753351 17.294759184122086 16.729305490851402 12.181396380066873 15.836588650941847 22.901983499526978 19.332204237580299 18.190897971391678 23.497669622302055 13.589602649211882 20.36323507130146 14.804754152894018 16.112758025527 12.180433303117752 20.082696288824081 13.126147672533987 78.104196861386299 12.139586150646211 13.862148016691206 11.917588531970976 15.110139861702917 15.403897017240523 12.778556078672411 14.983909651637079 17.296428710222244 40.205107867717743 15.674673750996588 12.888795405626295 27.167463690042496 47.748342409729958 12.117469325661657 10.145924642682077 15.495783954858778 13.758971229195593 12.18138475716114 15.277148067951201 19.065778374671936 12.401710182428358 14.900268435478209 11.444591790437697 11.993310168385504 11.590793654322622 11.916092425584791 15.495657011866568 13.01522386074066 11.492412850260733 13.129913017153738 18.279482439160347 13.79049041867256 14.710971996188162 14.850739136338236 10.748723462224005 13.503737822175024 11.081333518028258 18.472818821668625 9.4978027641773206 11.78946293890476 14.736847728490828 18.222566217184067
leaf_count=92 74 58 74 64 57 57 75 55 56 56 54 57 93 71 50 64 53 89 51 50 52 90 82 51 76 58 65 62 99 52 61 60 56 68 51 61 79 58 57 52 73 71 51 66 99 82 80 98 57 87 61 66 53 91 54 332 51 64 50 66 65 55 63 72 172 68 55 121 225 52 50 67 58 52 70 80 52 63 51 51 51 52 75 55 53 62 90 67 68 77 54 58 57 92 52 50 63 90
internal_value=0 0.0206065 0.043191 0.0925159 -0.00538009 -0.0450728 0.0476464 -0.0358322 -0.00463087 0.0499772 -0.0823836 -0.148842 0.0606447 0.0392331 -0.0446503 -0.064803 -0.117831 -0.00752507 -0.0864658 -0.108415 0.144904 0.010481 -0.155633 -0.052091 -0.0236605 0.0130989 -0.0845379 0.0688172 -0.00941241 -0.0870674 0.0433744 0.0536317 -0.119407 -0.182618 -0.0882343 0.146139 0.119571 0.0818516 0.110818 -0.0646527 0.0739973 -0.057177 0.0607256 0.00612076 0.00449142 -0.160877 0.0389343 -0.0069624 0.0370602 0.0541474 -0.0260496 -0.0428526 0.0721716 0.0349965 0.0810542 0.0984585 -0.0839931 -0.0591633 -0.0275721 -0.0645399 0.0131017 -0.102082 0.0172746 0.0434426 0.0732785 -0.212414 -0.248086 0.104081 0.124415 0.121206 -0.199574 0.0264236 0.14398 0.0939598 -0.153002 0.0397484 0.0385294 0.079437 -0.0967654 -0.0593259 0.164895 -0.198081 0.199519 -0.00607972 -0.164558 0.192751 0.159649 0.201922 0.171385 0.142522 0.182223 -0.213284 0.184475 0.241048 0.221546 -0.25106 -0.298945 -0.261765
internal_weight=0 1299.84 928.355 460.603 467.752 257.837 250.769 371.49 222.415 103.42 149.075 89.9047 233.123 185.887 48.4657 136.191 70.7186 65.4719 300.034 222.333 47.2365 167.933 57.5598 118.995 77.7003 59.5003 87.9298 137.421 142.356 36.4097 209.914 195.229 65.5857 72.536 32.9 209.834 133.655 77.3476 63.5301 38.6718 32.5719 112.48 41.9871 28.018 48.6594 109.854 32.1519 64.4069 169.921 139.988 35.168 29.9327 25.7574 31.4668 104.82 91.6938 85.1627 68.4334 54.5712 42.6536 27.5435 43.6032 105.947 78.9693 61.6729 58.9379 43.2632 88.7616 74.9158 25.5765 66.2503 27.3171 39.0127 25.2537 37.8818 31.0656 40.9092 28.5075 22.6047 26.9772 25.3079 26.9139 35.151 25.5111 24.271 76.179 45.1999 32.07 56.3077 40.3104 25.5995 37.9234 31.3782 30.9791 20.2969 24.4197 30.3744 28.3685
internal_count=7000 5689 4122 2143 1979 1093 1125 1567 938 435 629 385 1050 830 212 575 298 277 1311 986 220 708 243 503 325 249 372 618 599 151 886 825 280 311 140 1018 646 368 310 163 137 484 175 117 210 502 144 269 714 591 148 123 111 141 443 389 367 296 232 182 116 190 448 334 262 254 186 408 346 109 312 117 166 108 172 131 171 119 102 114 111 117 168 107 108 372 219 157 278 199 131 161 166 153 109 103 131 140
shrinkage=0.2


end of trees

feature_importances:
Column_25=55
Column_27=41
Column_5=37
Column_24=36
Column_22=33
Column_26=32
Column_9=30
Column_21=29
Column_3=19
Column_0=18
Column_14=17
Column_4=16
Column_13=16
Column_18=13
Column_15=11
Column_19=11
Column_10=10
Column_2=7
Column_7=7
Column_11=7
Column_17=7
Column_1=6
Column_6=6
Column_8=4
Column_23=4
Column_12=2
Column_16=2
Column_20=1

parameters:
[boosting: gbdt]
[objective: binary]
[metric: average_precision]
[tree_learner: serial]
[device_type: cpu]
[data: ]
[valid: ]
[num_iterations: 5]
[learning_rate: 0.2]
[num_leaves: 1000]
[num_threads: 0]
[deterministic: 0]
[force_col_wise: 0]
[force_row_wise: 0]
[histogram_pool_size: -1]
[max_depth: 10]
[min_data_in_leaf: 50]
[min_sum_hessian_in_leaf: 1]
[bagging_fraction: 1]
[pos_bagging_fraction: 1]
[neg_bagging_fraction: 1]
[bagging_freq: 0]
[bagging_seed: 3]
[feature_fraction: 1]
[feature_fraction_bynode: 1]
[feature_fraction_seed: 2]
[extra_trees: 0]
[extra_seed: 6]
[early_stopping_round: 0]
[first_metric_only: 0]
[max_delta_step: 0]
[lambda_l1: 0]
[lambda_l2: 0]
[min_gain_to_split: 0]
[drop_rate: 0.1]
[max_drop: 50]
[skip_drop: 0.5]
[xgboost_dart_mode: 0]
[uniform_drop: 0]
[drop_seed: 4]
[top_rate: 0.2]
[other_rate: 0.1]
[min_data_per_group: 100]
[max_cat_threshold: 32]
[cat_l2: 10]
[cat_smooth: 10]
[max_cat_to_onehot: 4]
[top_k: 20]
[monotone_constraints: ]
[monotone_constraints_method: basic]
[monotone_penalty: 0]
[feature_contri: ]
[forcedsplits_filename: ]
[refit_decay_rate: 0.9]
[cegb_tradeoff: 1]
[cegb_penalty_split: 0]
[cegb_penalty_feature_lazy: ]
[cegb_penalty_feature_coupled: ]
[path_smooth: 0]
[interaction_constraints: ]
[verbosity: 1]
[saved_feature_importance_type: 0]
[max_bin: 1023]
[max_bin_by_feature: ]
[min_data_in_bin: 3]
[bin_construct_sample_cnt: 200000]
[data_random_seed: 1]
[is_enable_sparse: 1]
[enable_bundle: 1]
[use_missing: 1]
[zero_as_missing: 0]
[feature_pre_filter: 1]
[pre_partition: 0]
[two_round: 0]
[header: 0]
[label_column: ]
[weight_column: ]
[group_column: ]
[ignore_column: ]
[categorical_feature: ]
[forcedbins_filename: ]
[objective_seed: 5]
[num_class: 1]
[is_unbalance: 0]
[scale_pos_weight: 1]
[sigmoid: 1]
[boost_from_average: 1]
[reg_sqrt: 0]
[alpha: 0.9]
[fair_c: 1]
[poisson_max_delta_step: 0.7]
[tweedie_variance_power: 1.5]
[lambdarank_truncation_level: 30]
[lambdarank_norm: 1]
[label_gain: ]
[eval_at: ]
[multi_error_top_k: 1]
[auc_mu_weights: ]
[num_machines: 1]
[local_listen_port: 12400]
[time_out: 120]
[machine_list_filename: ]
[machines: ]
[gpu_platform_id: -1]
[gpu_device_id: -1]
[gpu_use_dp: 0]
[num_gpu: 1]

end of parameters

pandas_categorical:null
